local Library = loadstring(game:HttpGet("https://raw.githubusercontent.com/xHeptc/Kavo-UI-Library/main/source.lua"))()


local Window = Library.CreateLib("Attack Simulator Hub By ZeyadPro UPD 2 Part 1 ", "BloodTheme")


local Tab = Window:NewTab("Main")

local Section = Tab:NewSection("Local Player")
Section:NewSlider("Speed", "Get More Speed", 500, 16, function(s) -- Speed For Hack ZeyadPro
      game.Players.LocalPlayer.Character.Humanoid.WalkSpeed = s
end)

Section:NewSlider("Jump", "Get More Jump", 500, 50, function(s) -- JumpPower For Hack ZeyadPro
    game.Players.LocalPlayer.Character.Humanoid.JumpPower = s
end)
Section:NewToggle("Infnite Jump", "Make You Jump Many Time In Sky", function(state)
    if state then
        local InfiniteJumpEnabled = true
game:GetService("UserInputService").JumpRequest:connect(function()
	if InfiniteJumpEnabled then
		game:GetService"Players".LocalPlayer.Character:FindFirstChildOfClass'Humanoid':ChangeState("Jumping")
	end
end)

    else
        local InfiniteJumpEnabled = false
game:GetService("UserInputService").JumpRequest:connect(function()
	if InfiniteJumpEnabled then
		game:GetService"Players".LocalPlayer.Character:FindFirstChildOfClass'Humanoid':ChangeState("Jumping")
	end
end)

    end
end)

local Section = Tab:NewSection("Buttons")
Section:NewButton("Get Group Reward", "Get Group Chest Reward", function()
local p1 = game.Players.LocalPlayer.Character.HumanoidRootPart
local pos = p1.CFrame
 game.Players.LocalPlayer.Character.HumanoidRootPart.CFrame = CFrame.new(134.798737, 268.90567, 281.999725, -0.471776724, 0, -0.881718457, 0, 1, 0, 0.881718457, 0, -0.471776724)
wait(0.01)

p1.CFrame = pos
    
end)
Section:NewButton("Get Daily Reward", "Get Daily Chest Reward", function()
   local p1 = game.Players.LocalPlayer.Character.HumanoidRootPart
local pos = p1.CFrame
 game.Players.LocalPlayer.Character.HumanoidRootPart.CFrame = CFrame.new(140.758743, 269.031189, 254.881866, -0.0935351849, 0, -0.995616019, 0, 1, 0, 0.995616019, 0, -0.0935351849)
wait(0.01)

p1.CFrame = pos
end)


local Tab = Window:NewTab("Teleport")

local Section = Tab:NewSection("First World")
Section:NewButton("Spawn", "", function()
   game.Players.LocalPlayer.Character.HumanoidRootPart.CFrame = CFrame.new(84.8304367, 270.711945, 204.167191, -1, 0, 0, 0, 1, 0, 0, 0, -1)
end)
Section:NewButton("Desert", "", function()
   game.Players.LocalPlayer.Character.HumanoidRootPart.CFrame = CFrame.new(-144.511765, 284.97699, 205.151001, 1, 0, 0, 0, 1, 0, 0, 0, 1)
end)
Section:NewButton("Snow", "", function()
   game.Players.LocalPlayer.Character.HumanoidRootPart.CFrame = CFrame.new(-414.875183, 284.97699, 205.151001, 1, 0, 0, 0, 1, 0, 0, 0, 1)
end)
Section:NewButton("YouTube", "", function()
   game.Players.LocalPlayer.Character.HumanoidRootPart.CFrame = CFrame.new(-684.487427, 284.97699, 205.151001, 1, 0, 0, 0, 1, 0, 0, 0, 1)
end)
Section:NewButton("Lava", "", function()
   game.Players.LocalPlayer.Character.HumanoidRootPart.CFrame = CFrame.new(-955.106995, 284.97699, 205.151001, 1, 0, 0, 0, 1, 0, 0, 0, 1)
end)
Section:NewButton("Ocean", "", function()
   game.Players.LocalPlayer.Character.HumanoidRootPart.CFrame = CFrame.new(-1231.03162, 284.97699, 205.151001, 1, 0, 0, 0, 1, 0, 0, 0, 1)

end)
Section:NewButton("Void", "", function()
   game.Players.LocalPlayer.Character.HumanoidRootPart.CFrame = CFrame.new(-1508.48389, 284.97699, 205.151001, 1, 0, 0, 0, 1, 0, 0, 0, 1)

end)
Section:NewButton("Portal New World", "", function()
   game.Players.LocalPlayer.Character.HumanoidRootPart.CFrame = CFrame.new(-1760.43958, 269.180908, 204.930893, -0.0531607494, 5.0908735e-08, 0.998585939, -1.55215769e-08, 1, -5.1807131e-08, -0.998585939, -1.82537345e-08, -0.0531607494)

end)
local Section = Tab:NewSection("Teleport EGG")
Section:NewButton("Spawn EGG", "EGG", function()
game.Players.LocalPlayer.Character.HumanoidRootPart.CFrame = CFrame.new(54.0664101, 265.517426, 106.476471, 0.922935426, 5.79026738e-09, 0.38495484, -1.57642717e-08, 1, 2.27536745e-08, -0.38495484, -2.70687046e-08, 0.922935426)

end)
Section:NewButton("Desert EGG", "EGG", function()
game.Players.LocalPlayer.Character.HumanoidRootPart.CFrame = CFrame.new(-260.366486, 268.252167, 267.955383, -0.999996543, 7.31378123e-08, -0.00263434835, 7.32301118e-08, 1, -3.49387577e-08, 0.00263434835, -3.51315492e-08, -0.999996543)

end)
Section:NewButton("Snow EGG", "EGG", function()
game.Players.LocalPlayer.Character.HumanoidRootPart.CFrame = CFrame.new(-550.036133, 268.252167, 268.612671, -0.999662876, 1.47698103e-08, -0.025964031, 1.4638907e-08, 1, 5.23179189e-09, 0.025964031, 4.84994311e-09, -0.999662876)

end)
Section:NewButton("YouTube EGG", "EGG", function()
game.Players.LocalPlayer.Character.HumanoidRootPart.CFrame = CFrame.new(-818.996338, 268.252167, 268.317596, -0.998640001, -1.01433514e-07, -0.0521353334, -1.01641575e-07, 1, 1.33948641e-09, 0.0521353334, 6.63678223e-09, -0.998640001)

end)
Section:NewButton("LAVA EGG", "EGG", function()
game.Players.LocalPlayer.Character.HumanoidRootPart.CFrame = CFrame.new(-1097.86365, 268.252167, 268.265717, -0.999651849, -7.02041847e-09, 0.0263857227, -9.12967213e-09, 1, -7.98187472e-08, -0.0263857227, -8.00318531e-08, -0.999651849)

end)
Section:NewButton("Void EGG", "EGG", function()
game.Players.LocalPlayer.Character.HumanoidRootPart.CFrame = CFrame.new(-1640.22888, 268.252136, 268.37442, -1, 8.31557656e-10, 0.000194057822, 8.29277258e-10, 1, -1.17511654e-08, -0.000194057822, -1.17510046e-08, -1)

end)
Section:NewButton("Secret EGG", "EGG", function()
game.Players.LocalPlayer.Character.HumanoidRootPart.CFrame = CFrame.new(-1664.94788, 358.338898, 136.544235, 0.710960865, -1.47171466e-08, -0.703231573, -6.12598683e-08, 1, -8.28610638e-08, 0.703231573, 1.0199085e-07, 0.710960865)

end)

local Tab = Window:NewTab("Farm")

local Section = Tab:NewSection("Auto Farm")
Section:NewToggle("Spawn Island Auto Farm", "Farm", function(state)
    if state then
while true do
wait(0.001)
local A_1 = game:GetService("Workspace")["__AREAS"].Spawn.Basic
local A_2 = game:GetService("Workspace")["__CLIENT"]["__PLAYER"][game.Players.LocalPlayer.Name]["Normal Slingshot"]
local Event = game:GetService("ReplicatedStorage")["__REMOTES"]["__Cannon_Attack"]
Event:FireServer(A_1, A_2)


end
    else

    end
end)
Section:NewToggle("Desert Island Auto Farm", "Farm", function(state)
    if state then
while true do
wait(0.001)
local A_1 = game:GetService("Workspace")["__AREAS"].Desert.Basic
local A_2 = game:GetService("Workspace")["__CLIENT"]["__PLAYER"][game.Players.LocalPlayer.Name]["Epic Slingshot"]
local Event = game:GetService("ReplicatedStorage")["__REMOTES"]["__Cannon_Attack"]
Event:FireServer(A_1, A_2)
end
    else

    end
end)

local Tab = Window:NewTab("Buy")

















--Welcome To New Script
local Tab = Window:NewTab("EGG")


































local Tab = Window:NewTab("AFK")

local Section = Tab:NewSection("AFK")
Section:NewToggle("Anti AFK", "Anti AFK", function(state)
    if state then
        local vu = game:GetService("VirtualUser")
game:GetService("Players").LocalPlayer.Idled:connect(function()
vu:Button2Down(Vector2.new(0,0),workspace.CurrentCamera.CFrame)
wait(1)
vu:Button2Up(Vector2.new(0,0),workspace.CurrentCamera.CFrame)
end)

    else
        local vu = game:GetService("VirtualUser")
game:GetService("Players").LocalPlayer.Idled:connect(function()
vu:Button2Down(Vector2.new(0,0),workspace.CurrentCamera.CFrame)
wait(1)
vu:Button2Up(Vector2.new(0,0),workspace.CurrentCamera.CFrame)
end)

    end
end)
local Tab = Window:NewTab("Mic")

local Section = Tab:NewSection("Open")
Section:NewButton("Weapon Shop", "Shop", function()
game.Players.LocalPlayer.Character.HumanoidRootPart.CFrame = CFrame.new(136.490814, 265.517426, 204.240204, -0.148393542, 5.89521534e-08, -0.988928378, 2.0655321e-08, 1, 5.65127216e-08, 0.988928378, -1.20405099e-08, -0.148393542)
end)
Section:NewButton("PETS UPGRADE", "Upgrade", function()
game.Players.LocalPlayer.Character.HumanoidRootPart.CFrame = CFrame.new(15.3465443, 264.861938, 295.577698, 0.368292004, -1.24235255e-09, 0.92971015, -1.3747691e-08, 1, 6.7822401e-09, -0.92971015, -1.52792126e-08, 0.368292004)
end)
Section:NewButton("Ranks Shop", "Shop", function()
game.Players.LocalPlayer.Character.HumanoidRootPart.CFrame = CFrame.new(123.297829, 265.517303, 136.406982, -0.989880323, -1.34494273e-08, -0.141904622, -2.85016011e-08, 1, 1.04039934e-07, 0.141904622, 1.07031596e-07, -0.989880323)
end)

